3.320849999980156e-7
2.646719999746037e-6
8.899154995660806e-6
0.00002101503996749308
0.00004089062484499734
0.00007039295944460848
0.00011136009336613458
0.00016560127583947737
0.00023489715551140567
0.00032099998016240413
0.0004256337963436406
0.0005504946489240965
0.0006972507805379256
0.000867542830922108
0.0010629840361344926
0.0012851604276423343
0.0015356310312714398
0.0018159280660060672
0.002127557142629745
0.002471997462197173
0.002850702014327429
0.0032650977753087055
0.0037165859060048
0.004206541949553686
0.004736316028848439
0.005307233043790838
0.005920592868308044
0.006577670547122745
0.007279716492267162
0.008027956679331413
0.00882359284343673
0.009667802674924026
0.010561740014748456
0.011506535049570494
0.012503294506534248
0.013553101847723644
0.014657017464287306
0.01581607887022274
0.017031300895810855
0.01830367588069152
0.01963417386657114
0.021023742789553216
0.022473308672082866
0.023983775814496438
0.02555602698616718
0.027190923616238365
0.02888930598393482
0.030651993408444326
0.03247978443836025
0.03437345704067646
0.03633376878932643
0.03836145705325779
0.04045723918403367
0.04262181270295306
0.04485585548768118
0.04716002595838208
0.04953496326334515
0.05198128746409728
0.054499599719992846
0.05709048247227326
0.05975449962758843
0.062492196740971985
0.06530410119826292
0.06819072239796523
0.07115255193253861
0.07419006376911236
0.07730371442961465
0.0804939431703103
0.08376117216073951
0.08710580666204981
0.09052823520471472
0.0940288297656317
0.09760794594459206
0.10126592314011611
0.10500308472464684
0.10881973821909503
0.11271617546672896
0.11669267280640237
0.12074949124511383
0.1248868766298912
0.12910505981899467
0.13340425685243204
0.13778466912178003
0.1422464835393053
0.14678987270637955
0.15141499508118184
0.15612199514568334
0.1609110035719078
0.16578213738746192
0.17073550014033131
0.17577118206293443
0.18088926023543053
0.18608979874827625
0.19137284886402395
0.19673844917835875
0.20218662578036742
0.20771739241203516
0.2133307506269645
0.21902668994831215
0.22480518802593855
0.23066621079276578
0.23660971262033895
0.24263563647358682
0.24874391406477692
0.25493446600666125
0.2612072019648082
0.2675620208091158
0.2739988107645044
0.28051744956078156
0.28711780458167857
0.2937997330130525
0.30056308199025145
0.30740768874463836
0.3143333807492715
0.3213399758637354
0.32842728247812275
0.3355950996561612
0.3428432172774811
0.35017141617902636
0.3575794682955978
0.36506713679953356
0.37263417623951856
0.38028033267852335
0.38800534383086777
0.3958089391984087
0.40369084020584817
0.41165076033515996
0.4196884052591334
0.4278034729740302
0.4359956539313541
0.4442646311687308
0.4526100804398964
0.461031670343792
0.46952906245276366
0.47810191143986547
0.4867498652052652
0.49547256500174913
0.5042696455593277
0.5131407352089374
0.522085456005241
0.5311034238485223
0.5401942486056764
0.549357534230294
0.5585928788818377
0.567899875043912
0.5772781096416238
0.5867271641580364
0.5962466147497105
0.605836032361339
0.6154949828394715
0.6252230270453262
0.6350197209666939
0.6448846158289323
0.654817258205047
0.6648171901248655
0.6748839491832997
0.6850170686477002
0.6952160775642986
0.7054805008637437
0.7158098594657291
0.7262036703827116
0.7366614468227233
0.7471826982912783
0.757766930692373
0.7684136464285812
0.7791223445002485
0.7898925206037799
0.80072366722903
0.8116152737557907
0.8225668265493797
0.8335778090553336
0.8446477018932036
0.8557759829494545
0.8669621274694744
0.8782056081486895
0.8895058952227916
0.9008624565570754
0.9122747577348902
0.923742262145209
0.9352644310693119
0.9468407237665908
0.9584705975594775
0.9701535079174918
0.9818889085404179
0.9936762514406107
1.005514987024428
1.0174045641727998
1.029344430320932
1.041334031537147
1.053372812600865
1.065460217079731
1.0775956874058814
1.0897786649513692
1.1020085901027281
1.1142849023347017
1.1266070402831223
1.1389744418169543
1.1513865441094986
1.1638427837087622
1.1763425966069991
1.1888854183094224
1.20147068390209
1.2140978281189738
1.2267662854082053
1.2394754899975107
1.252224875958834
1.265013877272147
1.2778419278884672
1.2907084617920586
1.3036129130618506
1.3165547159320512
1.3295333048519793
1.3425481145451026
1.3555985800673005
1.3686841368643403
1.381804220828586
1.3949582683549306
1.4081457163959614
1.4213660025163646
1.4346185649465681
1.4479028426356277
1.4612182753033658
1.4745643034917555
1.4879403686155728
1.501345913012293
1.514780379991269
1.5282432138821633
1.5417338600826676
1.5552517651054834
1.5687963766246023
1.5823671435208528
1.5959635159267551
1.6095849452706579
1.6232308843201775
1.6369007872249428
1.650594109558642
1.6643103083603896
1.6780488421753978
1.6918091710949827
1.7055907567958795
1.719393062578905
1.7332155534069384
1.7470576959422521
1.7609189585831762
1.7747988115001216
1.788696726670944
1.8026121779156752
1.8165446409306047
1.8304935933217406
1.8444585146376267
1.858438886401549
1.8724341921431094
1.8864439174291956
1.9004675498943275
1.9145045792704125
1.928554497415885
1.9426167983442584
1.9566909782520827
1.9707765355463116
1.9848729708710944
1.998979787133977
2.013096489531547
2.027222585574495
2.041357585112121
2.0555010003562746
2.0696523459047538
2.0838111387641347
2.097976898372075
2.1121491466190654
2.1263274078696526
2.1405112089831237
2.1547000793336757
2.168893550830051
2.183091157934667
2.1972924376822287
2.2114969296978333
2.2257041762145766
2.239913722090657
2.2541251148259898
2.268337904578333
2.282551644178926
2.2967658891476526
2.3109801977077327
2.325194130799933
2.33940725209633
2.353619128013593
2.3678293277258313
2.3820374231769725
2.396242989092708
2.4104456029919885
2.424644845198086
2.4388402988492213
2.4530315499087676
2.467218187175023
2.4813998022905714
2.495575989751227
2.5097463469145675
2.523910474008059
2.5380679741367915
2.5522184532908048
2.56636152035203
2.580496787100843
2.5946238682222313
2.6087423813115884
2.6228519468801292
2.6369521883599365
2.6510427321086447
2.6651232074137585
2.6791932464966215
2.6932524845160253
2.7073005595714728
2.7213371127061023
2.735361787909266
2.7493742321187784
2.763374095222829
2.7773610300615723
2.7913346924283946
2.805294741070863
2.8192408376913525
2.8331726469473772
2.8470898364516075
2.8609920767715797
2.8748790414291214
2.888750406899473
2.9026058526101215
2.9164450609393544
2.930267717214522
2.944073509710033
2.9578621296450653
2.9716332711810174
2.9853866314186863
2.99912191039519
3.0128388110806212
3.02653703937446
3.0402163041017296
3.0538763170088976
3.067516792759554
3.0811374489298253
3.0947380060035776
3.108318187367366
3.1218777193051745
3.135416330992915
3.1489337544927185
3.1624297247469997
3.175903979572317
3.18935625965301
3.202786308534644
3.2161938726172394
3.229578701148311
3.2429405462157
3.256279162740229
3.2695943084681476
3.2828857439634125
3.296153232599766
3.3093965405526524
3.3226154367909384
3.335809693068483
3.348979083915521
3.362123386629884
3.375242381268064
3.3883358506361088
3.401403580280365
3.414445358478067
3.427460976227775
3.4404502272396633
3.453412907925665
3.4663488173894748
3.4792577574164167
3.492139532463172
3.5049939496473717
3.5178208187370634
3.5306199521400545
3.543391164893123
3.556134274651112
3.5688491016759047
3.581535468825284
3.5941932015416738
3.6068221278407835
3.619422078300126
3.631992886047449
3.6445343867490507
3.657046418597999
3.669528822302262
3.6819814410727325
3.6944041206111655
3.7067967090980254
3.7191590571802498
3.731491017958921
3.7437924469768675
3.7560632022061666
3.7683031440355936
3.7805121352579767
3.7926900410574884
3.8048367289968663
3.8169520690045617
3.8290359333618254
3.841088196689735
3.853108735936143
3.865097430362598
3.877054161531169
3.8889788132912506
3.900871271766295
3.9127314253404935
3.924559164645423
3.9363543825466354
3.9481169741302056
3.959846836689231
3.9715438697103056
3.983207974859937
3.9948390559709432
4.006437019028803
4.018001772157978
4.029533225608207
4.041031291740767
4.052495885014703
4.063926921973045
4.0753243212289885
4.086688003452062
4.098017891354264
4.109313909676191
4.120575985173149
4.13180404660124
4.142998024703446
4.15415785219569
4.165283463752899
4.1763747959951445
4.187431787473297
4.198454378655637
4.209442511913505
4.220396131507419
4.231315183573113
4.242199616107541
4.2530493789549295
4.263864423792791
4.274644704117966
4.28539017523266
4.296100794230496
4.306776519982565
4.317417313123492
4.328023136037522
4.3385939528445885
4.349129729386437
4.359630433212722
4.370096033567162
4.380526501373658
4.39092180922249
4.401281931356488
4.411606843657238
4.42189652363132
4.432150950396551
4.4423701046682575
4.452553968745587
4.462702526497818
4.472815763350722
4.482893666272935
4.49293622376238
4.502943425832683
4.512915263999663
4.522851731267817
4.532752822116863
4.542618532488294
4.552448859771991
4.562243802792853
4.572003361797463
4.581727538440802
4.591416335772996
4.601069758226094
4.610687811600895
4.62027050305381
4.629817841083764
4.639329835519145
4.648806497504788
4.658247839489013
4.667653875210678
4.677024619686322
4.686360089197313
4.695660301277062
4.704925274698271
4.714155029460239
4.7233495867762105
4.732508969060778
4.741633199917306
4.75072230412545
4.759776307628687
4.768795237521912
4.777779122039082
4.78672799054091
4.795641873502617
4.804520802501732
4.813364810205939
4.822173930360982
4.8309481977786355
4.8396876483247055
4.8483923189070985
4.857062247463951
4.865697472951795
4.874298035333808
4.882863975568087
4.891395335596
4.899892158330586
4.908354487645023
4.916782368361129
4.92517584623795
4.9335349679603855
4.9418597811278815
4.95015033424318
4.958406676701122
4.966628858777524
4.974816931618096
4.982970947227434
4.991090958458058
4.999177018999529
5.007229183367604
5.015247506893475
5.023232045713048
5.03118285675629
5.039099997736647
5.046983527140512
5.054833504216754
5.062649988966312
5.0704330421318575
5.078182725187503
5.085899100328588
5.093582230461519
5.101232179193669
5.108849010823356
5.116432790329847
5.123983583363484
5.131501456235803
5.138986475909775
5.14643870999007
5.153858226713408
5.161245094938957
5.168599384138805
5.1759211643884875
5.183210506357581
5.190467481300361
5.19769216104652
5.2048846179919455
5.212044925089575
5.2191731558402905
5.226269384283902
5.233333684990171
5.240366133049918
5.247366804066169
5.254335774145391
5.261273119888763
5.268178918383542
5.2750532471944585
5.281896184355192
5.288707808359913
5.295488198154876
5.302237433130085
5.308955593111008
5.315642758350371
5.322299009520005
5.328924427702745
5.335519094384416
5.342083091445858
5.348616501155014
5.35511940615911
5.361591889476843
5.368034034490686
5.374445924939211
5.380827644909505
5.387179278829622
5.3935009114611105
5.3997926278916
5.406054513527442
5.412286654086422
5.418489135590514
5.424662044358719
5.43080546699994
5.436919490405933
5.44300420174431
5.449059688451605
5.455086038226396
5.461083339022482
5.46705167904214
5.472991146729408
5.478901830763452
5.484783820051982
5.490637203724724
5.496462071126957
5.5022585118131
5.508026615540361
5.513766472262443
5.5194781721233035
5.525161805450974
5.5308174627514415
5.536445234702573
5.542045212148103
5.547617486091688
5.553162147690994
5.558679288251856
5.564168999222495
5.569631372187779
5.575066498863536
5.580474471090943
5.585855380830943
5.591209320158739
5.596536381258323
5.601836656417072
5.607110238020387
5.612357218546398
5.61757769056071
5.6227717467112015
5.627939479722891
5.633080982392832
5.638196347585081
5.643285668225706
5.648349037297844
5.653386547836826
5.658398292925325
5.663384365688583
5.668344859289675
5.673279866924817
5.678189481818739
5.683073797220093
5.68793290639692
5.6927669026321635
5.697575879219227
5.702359929457588
5.707119146648454
5.711853624090467
5.716563455073486
5.721248732882644
5.725909550781288
5.7305460020158145
5.735158179809299
5.739746177357476
5.744310087824778
5.748850004340417
5.753366019994501
5.757858227834215
5.762326720860029
5.7667715920219615
5.771192934215877
5.775590840275624
5.779965402985669
5.7843167150540875
5.78864486912407
5.792949957766837
5.797232073478202
5.801491308675177
5.805727755692626
5.80994150677995
5.814132654097827
5.818301289714977
5.822447505604993
5.8265713936431744
5.830673045603446
5.8347525531552815
5.838810007860679
5.84284550117119
5.846859124424964
5.8508509688438455
5.85482112553051
5.85876968546564
5.862696739505126
5.866602378377326
5.870486692680346
5.8743497728793646
5.878191709303998
5.882012592145694
5.88581251145517
5.889591557139884
5.8933498189615445
5.897087386533649
5.900804349319063
5.904500796627648
5.908176817613892
5.911832501274605
5.915467936446641
5.919083211804639
5.922678415858822
5.9262536369528185
5.929808963261507
5.933344482788911
5.936860283366123
5.940356452649249
5.943833078117402
5.947290247070722
5.950728046628417
5.954146563726852
5.957545885117663
5.960926097365897
5.964287286848194
5.967629539750985
5.970952942068734
5.974257579602205
5.977543537956757
5.98081090254067
5.984059758563504
5.987290191034478
5.990502284760888
5.993696124346551
5.996871794190272
6.000029378484344
6.003168961213079
6.006290626151358
6.009394456863214
6.012480536700442
6.015548948801239
6.018599776088861
6.021633101270316
6.02464900683508
6.027647575053836
6.030628887977247
6.033593027434746
6.036540075033352
6.0394701121565175
6.042383219962996
6.045279479385739
6.048158971130805
6.051021775676306
6.053867973271373
6.056697643935149
6.0595108674557965
6.062307723389534
6.065088291059701
6.06785264955583
6.0706008777327645
6.073333054209772
6.076049257369707
6.078749565358169
6.08143405608271
6.084102807212032
6.086755896175241
6.0893934001610885
6.09201539611726
6.09462196074967
6.09721317052178
6.099789101653938
6.102349830122741
6.104895431660411
6.107425981754201
6.109941555645798
6.112442228330781
6.114928074558064
6.117399168829374
6.119855585398751
6.122297398272052
6.124724681206497
6.127137507710199
6.129535951041747
6.131920084209783
6.13428997997261
6.1366457108378025
6.138987349061857
6.141314966649832
6.14362863535503
6.145928426678676
6.148214411869629
6.1504866619241
6.152745247585382
6.154990239343606
6.157221707435514
6.159439721844234
6.161644352299076
6.163835668275365
6.166013738994243
6.168178633422528
6.170330420272575
6.172469168002136
6.174594944814258
6.176707818657176
6.1788078572242355
6.180895127953816
6.182969698029272
6.185031634378896
6.187081003675883
6.1891178723383105
6.191142306529143
6.193154372156226
6.195154134872323
6.197141660075137
6.199117012907362
6.201080258256738
6.203031460756127
6.204970684783586
6.206897994462468
6.208813453661525
6.210717125995032
6.212609074822895
6.214489363250815
6.216358054130424
6.218215210059451
6.220060893381893
6.221895166188195
6.223718090315451
6.225529727347598
6.22733013861564
6.229119385197864
6.230897527920071
6.232664627355831
6.234420743826727
6.236165937402625
6.237900267901933
6.239623794891898
6.241336577688886
6.243038675358683
6.244730146716812
6.246411050328835
6.248081444510692
6.2497413873290295
6.251390936601538
6.253030149897319
6.254659084537223
6.256277797594231
6.257886345893825
6.259484786014371
6.2610731742875085
6.262651566798546
6.264220019386876
6.26577858764637
6.267327326925818
6.268866292329342
6.270395538716831
6.27191512070439
6.2734250926647785
6.274925508727867
6.2764164227811
6.27789788846996
6.279369959198442
6.280832688129536
6.2822861281857065
6.283730332049387
6.28516535216348
6.286591240731857
6.288008049719872
6.289415830854869
6.2908146356267105
6.292204515288295
6.293585520856095
6.29495770311069
6.296321112597306
6.297675799626365
6.299021814274039
6.300359206382795
6.30168802556197
6.303008321188328
6.3043201424066275
6.30562353813021
6.306918557041564
6.308205247592911
6.309483658006803
6.310753836276708
6.312015830167599
6.313269687216569
6.314515454733417
6.315753179801271
6.316982909277191
6.318204689792788
6.319418567754841
6.320624589345911
6.321822800524984
6.3230132470280855
6.324195974368916
6.325371027839489
6.326538452510767
6.327698293233302
6.328850594637886
6.329995401136187
6.331132756921413
6.332262705968952
6.333385292037037
6.334500558667401
6.335608549185933
6.336709306703348
6.337802874115854
6.338889294105811
6.339968609142405
6.341040861482331
6.3421060931704485
6.343164346040476
6.344215661715657
6.345260081609448
6.3462976469262
6.34732839866184
6.348352377604563
6.349369624335509
6.350380179229468
6.351384082455559
6.352381373977929
6.353372093556443
6.354356280747383
6.355333974904145
6.356305215177936
6.357270040518475
6.358228489674693
6.359180601195433
6.360126413430392
6.361065964529894
6.361999292446977
6.362926434937186
6.363847429559508
6.3647623136770735
6.365671124457878
6.366573898875474
6.367470673709702
6.368361485547379
6.369246370783033
6.370125365619593
6.370998506069123
6.371865827953513
6.372727366905215
6.373583158367939
6.3744332375973745
6.37527763966191
6.3761163994433385
6.3769495516375825
6.377777130755394
6.378599171123087
6.379415706883249
6.380226771995443
6.381032400236944
6.38183262520344
6.382627480309747
6.3834169987905405
6.384201213701049
6.384980157917786
6.385753864139257
6.386522364886674
6.387285692504678
6.3880438791620415
6.38879695685239
6.389544957394915
6.3902879124350855
6.391025853445358
6.391758811725896
6.3924868184052706
6.393209904441187
6.39392810062118
6.39464143756333
6.395349945716976
6.396053655363417
6.39675259661663
6.397446799423962
6.398136293566855
6.398821108661535
6.399501274159726
6.400176819349355
6.400847773355254
6.401514165139856
6.402176023503905
6.40283337708715
6.403486254369055
6.404134683669481
6.4047786931494
6.4054183108115845
6.406053564501297
6.406684481906999
6.407311090561032
6.40793341784031
6.408551490967023
6.40916533700931
6.409774982881965
6.410380455347107
6.410981781014877
6.411578986344129
6.4121720976430945
6.412761141070083
6.413346142634154
6.413927128195803
6.414504123467632
6.415077154015032
6.415646245256861
6.416211422466112
6.416772710770591
6.417330135153586
6.417883720454534
6.418433491369701
6.418979472452835
6.419521688115841
6.42006016262944
6.420594920123838
6.4211259845893744
6.421653379877196
6.422177129699911
6.422697257632234
6.423213787111655
6.423726741439086
6.424236143779513
6.424742017162647
6.425244384483567
6.425743268503373
6.42623869184983
6.426730677018007
6.427219246370921
6.427704422140173
6.428186226426595
6.428664681200873
6.429139808304195
6.429611629448873
6.430080166218978
6.43054544007097
6.431007472334324
6.431466284212155
6.431921896781839
6.436306608892323
6.440393665417191
6.444202164783775
6.447750080176229
6.451054316609916
6.454130765996567
6.456994360176488
6.45965912190788
6.46213821381525
6.464443985309556
6.466588017501643
6.46858116613844
6.470433602597967
6.472154852984765
6.473753835372037
6.475238895240515
6.47661783916712
6.477897966818768
6.479086101308425
6.48018861797171
6.481211471623003
6.482160222350371
6.483040059908535
6.4838558267686865
6.484612039881063
6.485312911223308
6.485962367147277
6.486564066637532
6.487121418509976
6.487637597568508
6.488115559830746
6.488558056830469
6.488967649057907
6.4893467185814995
6.489697480894839
6.490021996030827
6.490322178983366
6.490599809475081
6.4908565411079815
6.49109390993222
6.491313342466505
6.491516163202098
6.491703601620793
6.491876798755739
6.492036813322521
6.492184627446462
6.492321152010812
6.4924472316490895
6.492563649403634
6.492671131071215
6.492770349255341
6.492861927143871
6.492946442029382
6.493024428588848
6.493096381938092
6.493162760475697
6.493223988530062
6.493280458822582
6.493332534759036
6.493380552560616
6.493424823245297
6.49346563446953
6.493503252239725
6.493537922502293
6.49356987262052
6.49359931274597
6.493626437091688
6.493651425113922
6.49367444260872
6.493695642729276
6.493715166929573
6.493733145839572
6.49374970007608
6.493764940995467
6.493778971390226
6.493791886134875
6.493803772784241
6.493814712127582
6.49382477870175
6.49383404126629
6.493842563243257
6.493850403124272
6.493857614847197
6.493864248144646
6.493870348866361
6.493875959277393
6.493881118333821
6.49388586193769
6.49389022317268
6.493894232521947
6.493897918069409
6.4939013056857675
6.493904419200344
6.493907280559824
6.493909909974862
6.493912326055462
6.493914545935995
6.493916585390593
6.493918458939678
6.493920179948277
